# CASBOT02 upper body — hard-stop zero offsets (radians).
# SetBool /motion/upper_body_debug; cmd /upper_body_debug/joint_cmd.

right_elbow_pitch_joint: 0.0009740000000000304
right_shoulder_pitch_joint: -0.016264000000000056
right_shoulder_roll_joint: -0.006054650000000272
right_shoulder_yaw_joint: -0.003886330000000049
right_wrist_pitch_joint: -0.01893155000000002
right_wrist_roll_joint: 0.007700330000000255
right_wrist_yaw_joint: -0.009226330000000171
