# CASBOT02 upper body — hard-stop zero offsets (radians).
# SetBool /motion/upper_body_debug; cmd /upper_body_debug/joint_cmd.

right_elbow_pitch_joint: -0.015068
right_shoulder_pitch_joint: 0.007670999999999761
right_shoulder_roll_joint: -0.21472900000000017
right_shoulder_yaw_joint: -0.013044999999999973
right_wrist_pitch_joint: -0.21119699999999997
right_wrist_roll_joint: 0.20797900000000014
right_wrist_yaw_joint: -0.204164
