# CASBOT02 upper body — hard-stop zero offsets (radians).
# SetBool /motion/upper_body_debug; cmd /upper_body_debug/joint_cmd.

left_elbow_pitch_joint: -0.0009339999999999904
left_shoulder_pitch_joint: -0.007108000000000114
left_shoulder_roll_joint: 0.0049106500000002384
left_shoulder_yaw_joint: 0.0012190000000000811
left_wrist_pitch_joint: -0.010539999999999994
left_wrist_roll_joint: -0.01190099999999994
left_wrist_yaw_joint: 0.008467000000000002
